#
# gridID 1
#
gridtype  = gaussian
gridsize  = 64800
xsize     = 360
ysize     = 180
xname     = longitude
xlongname = "longitude"
xunits    = "degrees_east"
yname     = latitude
ylongname = "latitude"
yunits    = "degrees_north"
numLPE    = 90
xfirst    = 0.5
xinc      = 1
yvals     = -89.2366416692184 -88.2477741064024 -87.253066746441 -86.2570399275846 
            -85.2605126072311 -84.2637430934415 -83.2668382285491 -82.2698501228036 
            -81.2728071983593 -80.2757262680354 -79.2786179106984 -78.2814891142984 
            -77.2843446797968 -76.2871880143986 -75.2900216029789 -74.2928473003319 
            -73.2956665189443 -72.2984803534082 -71.3012896650833 -70.3040951410756 
            -69.3068973361831 -68.309696703283 -67.3124936157139 -66.3152883840076 
            -65.3180812685694 -64.3208724894051 -63.3236622336685 -62.3264506615781 
            -61.3292379110992 -60.3320241016834 -59.3348093372774 -58.3375937087652 
            -57.3403772959613 -56.3431601692515 -55.3459423909492 -54.3487240164252 
            -53.3515050950519 -52.3542856709993 -51.3570657839057 -50.3598454694493 
            -49.3626247598342 -48.365403684207 -47.3681822690157 -46.3709605383184 
            -45.3737385140511 -44.3765162162608 -43.379293663308 -42.3820708720442 
            -41.3848478579679 -40.3876246353612 -39.3904012174106 -38.393177616314 
            -37.3959538433754 -36.398729909089 -35.4015058232144 -34.4042815948436 
            -33.4070572324607 -32.4098327439961 -31.4126081368748 -30.4153834180598 
            -29.4181585940915 -28.4209336711234 -27.4237086549545 -26.4264835510582 
            -25.4292583646092 -24.4320331005078 -23.4348077634022 -22.4375823577085 
            -21.4403568876298 -20.4431313571729 -19.4459057701644 -18.4486801302652 
            -17.4514544409838 -16.4542287056892 -15.457002927622 -14.4597771099056 
            -13.4625512555563 -12.4653253674926 -11.4680994485443 -10.4708735014607 
            -9.47364752891872 -8.47642153353047 -7.47919551785023 -6.48196948438148 
            -5.48474343558343 -4.48751737387743 -3.49029130165306 -2.49306522127419 
            -1.49583913508478 -0.498613045414691 0.498613045414691 1.49583913508478 
            2.49306522127419 3.49029130165306 4.48751737387743 5.48474343558343 6.48196948438148 
            7.47919551785023 8.47642153353047 9.47364752891872 10.4708735014607 11.4680994485443 
            12.4653253674926 13.4625512555563 14.4597771099056 15.457002927622 16.4542287056892 
            17.4514544409838 18.4486801302652 19.4459057701644 20.4431313571729 21.4403568876298 
            22.4375823577085 23.4348077634022 24.4320331005078 25.4292583646092 26.4264835510582 
            27.4237086549545 28.4209336711234 29.4181585940915 30.4153834180598 31.4126081368748 
            32.4098327439961 33.4070572324607 34.4042815948436 35.4015058232144 36.398729909089 
            37.3959538433754 38.393177616314 39.3904012174106 40.3876246353612 41.3848478579679 
            42.3820708720442 43.379293663308 44.3765162162608 45.3737385140511 46.3709605383184 
            47.3681822690157 48.365403684207 49.3626247598342 50.3598454694493 51.3570657839057 
            52.3542856709993 53.3515050950519 54.3487240164252 55.3459423909492 56.3431601692515 
            57.3403772959613 58.3375937087652 59.3348093372774 60.3320241016834 61.3292379110992 
            62.3264506615781 63.3236622336685 64.3208724894051 65.3180812685694 66.3152883840076 
            67.3124936157139 68.309696703283 69.3068973361831 70.3040951410756 71.3012896650833 
            72.2984803534082 73.2956665189443 74.2928473003319 75.2900216029789 76.2871880143986 
            77.2843446797968 78.2814891142984 79.2786179106984 80.2757262680354 81.2728071983593 
            82.2698501228036 83.2668382285491 84.2637430934415 85.2605126072311 86.2570399275846 
            87.253066746441 88.2477741064024 89.2366416692184 
scanningMode = 64
#
# gridID 2
#
gridtype  = generic
gridsize  = 1
scanningMode = 64
